HXB2_1_856	7	12	27
H19489_8_G5_Non_CrNA	8	13	16	32
H19308_26_F8I_CrNA	1	7	14	27
H19861_19_A6_Non_CrNA	1	6	11	25
H19829_11_B4_CrNA	1	8	14	23
H18969_12_7D5_CrNA	1	10	21
H19829_11_E8_CrNA	1	8	14	23
H19308_26_E4_CrNA	1	7	16	29
H19489_8_2A3_Non_CrNA	6	9	25
H19308_26_D8_CrNA	1	7	12	25
H19885_31_E11_CrNA	1	7	12	17	31
H18887_21_G2_Non_CrNA	7	10	16	21	33
H18969_12_9D9_CrNA	1	10	13	21
H19885_31_A5_CrNA	1	7	12	17	31
H18969_12_8G8_CrNA	1	7	11	14	22
H19885_31_G10_CrNA	1	7	12	17	31
H19463_8_A11_CrNA	6	11	25
H11668_12_F11_A_CrNA	1	7	14	17	31
H19792_9_F6_Non_CrNA	1	9	15	21	34
H19463_8_E10_CrNA	6	11	25
H19885_31_H10_CrNA	1	7	12	17	31
H18814_10_1G2_CrNA	1	7	10	26
H18814_10_1B4_CrNA	1	7	10	26
H19885_31_E2_CrNA	1	7	12	17	31
H19329_32_H9_Non_CrNA	1	6	12	18	31
H11668_12_C3_CrNA	1	7	14	17	31
H19961_14_B10_Non_CrNA	1	7	13	28
H19507_18_C11_CrNA	1	7	12	30
H19885_31_D9_CrNA	1	7	12	17	31
